+--------+---------+------+---------+------+---------+-------+------------+---------+-------+--------+------+------+---------+
| period | Android | Mac  | Windows | iOS  | Symbian | Linux | BlackBerry | Exploit |  RCS  | Botnet | DDOS | 0day | Malware |
+--------+---------+------+---------+------+---------+-------+------------+---------+-------+--------+------+------+---------+
|  2016  |    0    |  0   |    0    |  0   |    0    |   0   |     0      |    0    |   0   |   0    |  0   |  0   |    0    |
|  2015  |   8662  | 747  |   5473  | 626  |    6    |  140  |    1139    |  12737  |  6273 |   43   |  0   |  3   |   311   |
|  2014  |   6775  | 1094 |   1958  | 2168 |    13   |  929  |    730     |   8545  | 11463 |  186   | 109  |  55  |   647   |
|  2013  |   2685  | 710  |   1165  | 707  |   401   |  188  |    747     |   5464  |  6575 |   26   |  0   | 382  |    96   |
|  2012  |   284   | 126  |   154   |  89  |   372   |   25  |     90     |   168   |  2516 |   3    |  0   |  0   |   102   |
|  2011  |   173   |  20  |    85   |  62  |   205   |   19  |    155     |   177   |  1083 |   0    |  0   |  3   |    66   |
|  2010  |    30   |  5   |    45   |  2   |    35   |   0   |     22     |    12   |  134  |   1    |  0   |  1   |    5    |
|  2009  |    10   |  2   |    9    |  0   |    8    |   1   |     15     |    25   |   63  |   1    |  0   |  4   |    0    |
|  2008  |    1    |  3   |    20   |  0   |    2    |   1   |     1      |    1    |   22  |   1    |  0   |  0   |    3    |
|  2007  |    2    |  0   |    13   |  0   |    0    |   5   |     0      |    3    |   4   |   1    |  0   |  0   |    0    |
|  2006  |    0    |  1   |    14   |  0   |    0    |   6   |     0      |    0    |   0   |   0    |  0   |  1   |    1    |
|  2005  |    0    |  0   |    0    |  0   |    0    |   1   |     0      |    0    |   0   |   0    |  0   |  0   |    0    |
|  2004  |    0    |  0   |    0    |  0   |    0    |   0   |     0      |    0    |   0   |   0    |  0   |  0   |    0    |
|  2003  |    0    |  0   |    0    |  0   |    0    |   0   |     0      |    0    |   0   |   0    |  0   |  0   |    0    |
|  2002  |    0    |  0   |    0    |  0   |    0    |   0   |     0      |    0    |   0   |   0    |  0   |  0   |    0    |
|  2001  |    0    |  0   |    0    |  0   |    0    |   0   |     0      |    0    |   0   |   0    |  0   |  0   |    0    |
+--------+---------+------+---------+------+---------+-------+------------+---------+-------+--------+------+------+---------+